0
0
0
0
0
0
0
0
0
0
0
0
0
0
0
0
0
0
0
0
0
0
0
0
0
0
0
0
0
0
0
30.284668
-11.772949
-2.475098
-16.036621
0
0
0
0
0
0
0
0
0
0
0
0
0
0
0
0
0
0
0
0
0
0
0
0
0
0
0
0
0
0
0
-9.771485
0.466798
0.02539
0.41211
-0.417481
-0.323243
9.607911
0
0
0
0
0
0
0
0
0
0
0
0
0
0
0
0
0
0
0
0
0
0
0
0
0
0
0
0
0
0
0
0
0
0
0
0
0
0
0
0
0
0
0
0
0
0
0
0
0
0
0
0
0
0
0
0
0
0
0
0
0
0
0
0
2.64209
-1.665039
-0.181641
1.342286
1.605468
0.823242
2.17041
1.91211
3.360351
5.016602
4.441406
-0.527831
-0.687501
-0.389649
-0.187987
0.645019
-0.828614
-0.334472
-1.975097
-1.567872
-0.627929
0.472655
-4.02246
-1.92334
-4.588867
-6.425293
-5.773926
-7.32666
-4.613281
-1.28418
0.948242
2.027832
-0.976562
0.669921
1.790528
1.605469
1.717773
0.488282
-0.495607
1.399904
-2.223146
1.160157
-3.133789
-4.40039
-0.813478
1.752442
2.760254
2.762208
4.014647
1.84668
2.71875
2.770997
2.335936
2.81299
5.559569
9.020508
3.035645
0.214843
-2.790038
-1.274415
-1.881836
-2.113769
-1.380859
-2.012208
-0.792968
-1.221192
-1.495605
-1.912109
-1.839356
-1.655762
-1.972168
-1.747558
-1.511719
-1.735352
-1.325195
-1.436035
-1.620117
-3.293945
-3.311524
0.819824
-0.425293
-1.564453
-1.507812
-1.624024
1.869629
1.131348
3.120605
2.377442
0.915038
2.505372
1.854492
1.307129
0.731445
0.987305
0.394043
1.663574
1.329102
1.40039
1.260254
1.781738
1.53418
2.394044
0.484862
1.19043
0.789063
2.108886
1.065918
0.968262
1.007813
1.196288
0.668458
0.140136
1.384766
0.486328
-0.214356
1.930177
-0.375977
4.061523
-1.516113
-2.032227
0.532715
0.059083
-0.218751
-2.304687
-3.911134
-2.524901
-2.88086
-2.273925
-1.951661
-1.913086
-1.613769
-1.398438
-1.456542
-1.722169
-1.881835
-1.502442
-2.133789
-0.879395
-2.002929
-1.557129
-1.451661
-3.202147
-0.269044
-0.395996
-1.604492
-0.842773
1.474609
-1.450684
1.938477
0.514648
1.011719
20.006348
-14.822266
3.397949
5.773927
5.023925
4.561035
6.335937
5.486329
0.01123
2.911133
0.126953
-0.438965
-0.138183
0.433593
-1.426757
0.425293
-12.45752
-6.242676
-1.300781
0
0
0
0
0
0
0
0
-184.789551
312.789551
-128
0
0
0
0
0
0
0
0
0
0
0
0
0
0
0
0
0
0
0
0
0
0
0
0
0
0
0
0
0
0
0
0
0
