0
0
0
0
0
0
0
0
0
0
0
0
0
0
0
0
0
0
0
0
0
0
0
0
0
0
0
0
0
0
0
30.284668
18.511719
16.036621
0
0
0
0
0
0
0
0
0
0
0
0
0
0
0
0
0
0
0
0
0
0
0
0
0
0
0
0
0
0
0
0
-9.771485
-9.304687
-9.279297
-8.867187
-9.284668
-9.607911
0
0
0
0
0
0
0
0
0
0
0
0
0
0
0
0
0
0
0
0
0
0
0
0
0
0
0
0
0
0
0
0
0
0
0
0
0
0
0
0
0
0
0
0
0
0
0
0
0
0
0
0
0
0
0
0
0
0
0
0
0
0
0
0
0
2.64209
0.977051
0.79541
2.137696
3.743164
4.566406
6.736816
8.648926
12.009277
17.025879
21.467285
20.939454
20.251953
19.862304
19.674317
20.319336
19.490722
19.15625
17.181153
15.613281
14.985352
15.458007
11.435547
9.512207
4.92334
-1.501953
-7.275879
-14.602539
-19.21582
-20.5
-19.551758
-17.523926
-18.500488
-17.830567
-16.040039
-14.43457
-12.716797
-12.228515
-12.724122
-11.324218
-13.547364
-12.387207
-15.520996
-19.921386
-20.734864
-18.982422
-16.222168
-13.45996
-9.445313
-7.598633
-4.879883
-2.108886
0.22705
3.04004
8.599609
17.620117
20.655762
20.870605
18.080567
16.806152
14.924316
12.810547
11.429688
9.41748
8.624512
7.40332
5.907715
3.995606
2.15625
0.500488
-1.47168
-3.219238
-4.730957
-6.466309
-7.791504
-9.227539
-10.847656
-14.141601
-17.453125
-16.633301
-17.058594
-18.623047
-20.130859
-21.754883
-19.885254
-18.753906
-15.633301
-13.255859
-12.340821
-9.835449
-7.980957
-6.673828
-5.942383
-4.955078
-4.561035
-2.897461
-1.568359
-0.167969
1.092285
2.874023
4.408203
6.802247
7.287109
8.477539
9.266602
11.375488
12.441406
13.409668
14.417481
15.613769
16.282227
16.422363
17.807129
18.293457
18.079101
20.009278
19.633301
23.694824
22.178711
20.146484
20.679199
20.738282
20.519531
18.214844
14.30371
11.778809
8.897949
6.624024
4.672363
2.759277
1.145508
-0.25293
-1.709472
-3.431641
-5.313476
-6.815918
-8.949707
-9.829102
-11.832031
-13.38916
-14.840821
-18.042968
-18.312012
-18.708008
-20.3125
-21.155273
-19.680664
-21.131348
-19.192871
-18.678223
-17.666504
2.339844
-12.482422
-9.084473
-3.310546
1.713379
6.274414
12.610351
18.09668
18.10791
21.019043
21.145996
20.707031
20.568848
21.002441
19.575684
20.000977
7.543457
1.300781
0
0
0
0
0
0
0
0
0
-184.789551
128
0
0
0
0
0
0
0
0
0
0
0
0
0
0
0
0
0
0
0
0
0
0
0
0
0
0
0
0
0
0
0
0
0
0
