01001000 00110100 01110011 01001001 01000001 01000011 01001010 01001011
01101110 01101100 01000001 01000001 01000001 00101011 00110001 01011010
01000010 00110001 01010010 01010100 01010011 00110111 01100011 00101011
01001001 01010001 01000111 01101011 01101001 01000110 01010001 01010110
01000101 01001001 01101101 01000001 01100111 01001000 01010010 01000011
01000100 01010110 01001011 01101011 01000110 00110110 01101011 01000010
01010001 01110010 01010111 01000101 01000101 01000011 01000011 00110000
01010001 01000010 01001011 01110001 0110____ 0110____ 01001011 01001011
01101001 0110____ 01100111 01010101 01010001 01010101 01000010 01000001
01100111 01010101 01100111 01010000 01010011 01000111 00111000 01010111
01010101 0100____ 01101100 01100101 01110101 01100111 01101001 01001011
01011000 01000010 01010110 01110000 01001001 01101000 01100001 01110001
01110001 01001101 01100111 00110111 01000001 01010110 01010100 01110101
0010____ 01100110 00110011 01001100 01100101 00101011 01110110 00111001
0010____ 00110001 01110000 01110110 01110110 01100010 01110100 01011010
01100011 00101011 01011001 00110111 01100101 00110011 00101011 0____010
01011010 00101011 00111001 00111001 00110101 01110011 0____001 01011010
01001100 01000111 01010010 01101011 01011010 01011001 00110101 01100111
01001101 01100010 00110111 01110101 01001101 01110000 00110101 00101011
00110111 01110011 01000011 0010____ 01010011 01100101 01010100 01101011
00110101 01001010 01010001 01010110 01000110 01100101 01000111 00110000
01011000 01101011 01010110 01011010 01100001 01100001 00110010 01011000
01010001 00110110 0____010 01100110 01110010 00110100 01101011 00111000
01000001 01100111 01000111 01011000 01010010 00111000 01100111 01110000
01110001 01101001 01100111 01110001 01001011 0110____ 01000111 00110011
01100011 01000100 01101100 00110101 01000010 01010001 01010111 01000101
01000011 01100111 01000011 01011000 00101011 00110011 01100011 01000110
01110100 01000110 01101011 01000011 01010011 01000111 01010001 01001101
01000101 01010001 0____010 01000110 01101011 0____000 01000100 01101001
01101010 0010____ 00111000 01001000 01010000 01001010 01000100 01101101
00110101 01110110 01011001 01010000 00110111 0100____ 01110101 01110000
01110111 01001000 0010____ 00110000 0010____ 00110001 01100101 01000101
01100110 01101010 01110011 01101010 01010001 01000001 01100011 01000001
01011010 01101000 01100111 01110011 00110011 01001101 01001001 01100001
01100010 01100111 0010____ 01100110 01000101 01001010 0110____ 0100____
01011001 01000001 01001001 01100010 01000001 01101101 0____000 01110111
01110011 01001110 01001000 01110101 01010101 01011000 00111000 01011001
0____001 01100110 00110100 01100110 01101010 0010____ 01010101 01110110
00101011 01010110 00101011 01011000 01100110 0010____ 01100101 00110111
01010100 00110101 01001110 0010____ 0010____ 01010000 00110111 01001100
01001011 00110110 01101011 0110____ 0____001 0010____ 0010____ 01110000
0010____ 01010101 01100101 0110____ 01110001 01000011 01101010 00101011
00111001 01100110 00110111 0010____ 01001010 00110010 01010010 00110001
01100011 01010000 01010101 01000110 01110111 01000111 00110101 01101001
01011001 01000111 01110111 01000001 01010001 01000011 01000001 01010001
01110111 01000001 01101010 00111000 01000001 00110001 01011010 01100110
01001101 01100100 01011001 01011001 00110110 00101011 0110____ 01100101
01110011 01010101 01010010 01011010 01000111 01000010 01101001 01100010
00110110 0110____ 01001101 01000111 01000001 01000111 01000100 01001101
01110111 0010____ 01101010 00110101 01100101 01100100 01010000 01000010
01000001 01100011 01000100 01001000 01101100 00110000 0____000 01000101
01000111 01100101 01110010 01000001 00110111 01010010 00110000 01100011
00110100 01011001 0____000 01000100 00110100 01001100 00110111 01000001
01000011 00110111 01000001 01000001 01100110 01000001 01000001 01001100
01000010 01101011 01110110 0____001 00110000 00110111 01100001 00110000
01001110 01001011 01010110 00110101 01110000 01011000 01001000 0010____
01100100 01110001 00110111 01000110 01000001 01010001 01000010 01000011
00110110 0010____ 01110101 01101011 01100110 00110010 00110011 0010____
01101000 00111000 01001100 01101001 01101001 01101001 01001110 01101000
01000001 01010001 01000011 0____001 01000010 01100011 01010001 01000101
01010110 0____000 01001100 01010111 01000010 00111000 01010100 01000010
00110100 01010000 01100010 01101100 01101010 01100110 01010101 01101010
01101011 01100111 01000111 01000001 00110100 01010100 01010111 0110____
01010110 01110111 00110000 01101001 00101011 00110100 01000111 01011001
01100011 01010010 01100101 01001001 01110101 01011001 01101100 01100111
01100111 01000011 01000011 01101101 01001100 01010011 01001010 01110101
00111001 00110011 01010111 01110011 01010010 00111000 01001101 01110101
00110110 00111001 01101000 00101011 01101010 01010111 0100____ 01000100
00110000 01100111 01010101 0____000 01001100 01010010 01011001 00110010
01110010 01000001 01100110 01000111 01000110 01100011 01010100 01001000
01010001 01010011 0____010 01101100 01110011 01101011 01101110 01110110
01110110 01100111 01101101 01110110 0____000 00110111 01000001 01101101
00110011 01001001 01011001 00110100 01011000 0____000 01110111 01010010
01101010 00110100 01011000 01010100 01100001 01101101 01000110 01001010
01001010 01001100 01101010 01101000 01110110 01011000 01000111 01100010
01110111 01110110 00110000 01101110 00110101 01101110 00111001 01010010
01100110 01001100 01110111 01000100 01110110 01110011 00101011 00110011
01000111 00110010 0____001 01110011 01001010 01000011 0010____ 01110010
01100111 00110010 01000001 01110110 01010100 01110011 01110110 01100100
01100111 00110010 01101001 01000101 00110010 01110011 01000001 00110011
01110011 01000010 01101000 00111001 01100001 0____000 01000011 01001100
01100111 01001100 01101010 01010110 01101010 00110110 0____000 01000100
00110000 00110100 01110101 01000011 00101011 01000111 00110010 01000001
01101100 00110110 00110000 00110010 01101001 01000011 01011000 01000001
00110111 01011010 01110110 01010100 01101010 01010111 01101000 01100111
01110101 00111000 00110110 01101110 01010101 01110111 0010____ 00110001
01110011 01001100 01000101 01000100 00111000 01011000 01011001 01010001
01110101 00101011 01001100 01001010 0____000 01101010 01011001 01100010
00101011 01101100 01000010 01100110 01000110 00110011 0100____ 01001100
00111001 01100010 01000110 00110000 01010111 01010110 00110110 01000101
01100111 00110110 01100111 01001110 01010100 01101001 01110101 01010111
01110000 01000001 01110110 01010111 01000100 01000010 01000001 01000011
00111000 01011001 01100111 01001000 0____010 01110100 01101000 00110000
01010000 01010010 00110100 0110____ 00110100 01001001 01110010 01010100
00110000 00110110 01100110 01010110 01000011 00111000 01010011 00110111
01010000 01010001 01001011 01001101 01001110 01110110 0____000 01000100
01010100 01010101 01101001 01000010 00110001 01110110 01110010 01100110
0010____ 01011001 01010010 00110110 00110110 01001010 01110001 01110110
00101011 00110100 01000101 01010011 01010000 01010100 01000101 01101101
01101100 01101001 01000100 01101101 01000001 0010____ 01000110 00110101
01001001 01100111 01000110 01101100 01110011 01010010 00110100 0____010
01001110 01000001 01110110 01101110 01100010 01011001 01101000 01100001
00111001 01110111 00111001 01110100 00111001 01101001 01001110 01100010
01100010 01110011 01010001 01000001 01101110 01100110 01010100 00110001
01001110 01101010 01100100 01100100 00111001 01110111 01101100 01101010
01110111 00110101 01001000 01010111 01100011 01101100 0____010 01010100
01101011 0____010 00110001 01110011 01101010 01001110 01100010 01001000
01110111 01110000 01010100 01001010 00110100 01000101 01001110 01100011
01001000 01110111 01110100 0____010 01100100 01001101 01001101 01100010
01000111 01000111 0010____ 01110111 01101010 0010____ 01110100 00110101
01110010 00110110 00110001 01000110 01001101 01000100 01011001 01011001
01101000 01010010 01101001 01000001 01110011 01110100 00110011 01100111
01100100 01000111 0100____ 01001001 00101011 0110____ 01100010 01110010
01100110 01101101 01000011 0____010 0100____ 01000110 0010____ 01100010
01000100 01011010 0010____ 00110000 0100____ 00110001 00110000 0____000
01100101 01110010 01010100 01100001 0____001 0110____ 01000010 01011001
01000101 00110000 01000010 01000100 01001101 01000001 01000001 0100____
01001001 01000001 01000001 01110101 00110100 01000010 01010101 01001100
00101011 01000001 01001001 01110010 00110100 01000100 01100011 01010001
01000010 01010010 01100111 01000011 0100____ 01101101 01000100 01110110
01000010 0____000 01000010 01000010 01101001 0____000 01110101 01000001
01000010 00110111 0____000 01000010 01000100 01010001 00110110 00110000
00110100 01101011 01000001 01001110 01001000 01110010 01001001 01010110
00111000 01000001 01001010 00110001 01110110 00101011 01011010 01011010
01110010 01101110 01001000 01010111 00111000 01010101 00101011 01000111
00101011 00111001 01110010 0110____ 01010011 01100100 01110000 0110____
01100011 01001010 01011010 01100110 01100011 00111001 01011010 01101110
01101101 01001110 01110010 01100111 01000101 01000111 01000001 00110111
01011001 01001000 01001001 01110111 01000010 01100010 01000100 01110100
01101000 00110101 01101110 01000011 01001110 01000111 01000011 01110001
01001101 01000011 01010001 01000001 01101000 00110010 01101110 01000010
01000100 01110011 01000001 00110000 01011001 01011000 01110001 01100111
01000110 01100111 01101110 01100010 0010____ 00110010 0100____ 01110011
00110101 01100001 01100010 00110101 01100001 01011000 01001110 01001110
0010____ 01100110 01000100 01101010 01000100 01110111 01010011 01000001
01011000 01101101 01101011 00111000 01001110 01001011 01000001 01010100
0____001 0____000 01100011 01100111 0010____ 01101110 0100____ 00101011
01000011 0100____ 01001001 01010010 01010000 01001100 01100010 01110010
00111000 0110____ 01100011 0010____ 01101010 01000011 01100010 00111000
01010100 01100011 0____001 00110100 00110111 0010____ 01000110 01110011
01110010 01100111 01000010 01000001 01000001 01101001 01110110 01110111
01101110 01010011 01101101 00111001 0100____ 01100110 00101011 01010111
00110100 00110111 01100100 00110011 0010____ 01110110 01010100 0____000
01000111 01000110 01100010 01101010 00110011 01001101 01100110 01100001
01100011 01101000 0____001 01110111 00101011 01000111 01100110 00110001
01110000 01011000 00111001 01001110 01010000 00110000 01101110 0010____
01000111 01001100 01110111 0100____ 00110000 01010001 0010____ 0010____
01011010 01001110 01000001 0010____ 0110____ 0____000 00111000 01000111
0010____ 00110100 01011001 01000001 01100010 01010100 01000001 00110010
00110111 00110111 01010111 01001001 01100110 01001101 01000011 01000111
01011000 00110100 01110101 01000100 01110100 01000011 01101101 01000011
0____010 01010100 01101011 00110000 01100111 0110____ 00110000 01001101
01011001 01001101 01000100 01110010 01010011 00110101 01000010 01001000
00110010 01001101 01010100 00110111 01110111 00110100 0____000 01110101
01110110 01110010 01000110 00111000 01010000 0____001 00110010 00110000
01010011 01110101 01000100 0100____ 01101101 01010011 00101011 01100001
01000001 0____000 01000110 01010011 01010000 00110111 01010110 0____001
01010100 00101011 01010010 01101101 00110101 01000010 00110111 01001100
01011010 01100011 01110000 01010010 00110101 01001011 01100010 0010____
01010110 0100____ 01010110 01100110 01010110 01100111 01101101 01100001
01000001 01001011 00110010 01000101 00110011 0110____ 01001000 01010111
01010001 01110101 01110101 01100111 01101010 01110111 01000001 00110100
01110100 01000001 01001000 01100001 01000011 01001100 00110000 01001000
01100010 01011001 01100001 01010111 01010001 0100____ 01110011 00110011
01010000 01100001 01110101 0010____ 01110110 0____010 00110101 00101011
01010000 01010000 01110101 00110001 01100110 01001100 00111001 01101110
01010011 00110111 01010000 00111000 01110001 01110100 01011001 00110100
01110111 01001010 01110100 01001110 01101000 00110100 00110010 01100110
01010100 01011010 01101000 01001110 01101010 00110000 00110010 01010001
01100010 01010011 00101011 01100010 00110110 01010101 00111001 0010____
01100010 01000100 01110110 01011001 00110101 01001110 01101101 01001101
00110010 01001101 01010010 01000001 01000011 0010____ 00101011 01010000
00110101 00110111 01011010 00110101 01110110 01110011 00110010 00110101
00110100 01000001 01000101 01001000 00111000 01010000 01110001 00111001
01110001 01110010 00101011 01100101 01100001 00110101 00110001 01101110
01000011 00110001 01110010 0____000 01010001 01001110 01000010 01100001
01000010 01110001 01010011 00110001 01000011 01110110 01110011 01000011
01001001 01011000 00111001 01100001 0010____ 0____000 01110101 01101010
01011001 01100010 01110100 01101000 00111000 01101010 01000100 01101010
01010000 00110110 00110001 01100001 01010110 01100100 01110000 01100001
0010____ 01110011 00110101 01100111 00110000 01000111 01100110 01010001
01011001 00111001 01000001 01000111 00110100 01000001 01110111 01010011
01000100 01000101 01100111 01000111 01100101 01010001 01011001 01010100
01000111 01110110 00110100 01100101 01001000 00110100 01001101 01011001
01100001 01000101 0100____ 01000011 01010110 0010____ 00110000 0010____
01110010 01000100 01110010 01110011 00110011 00111000 01101011 01000001
01110100 00110100 01101101 00110001 0100____ 01010101 0010____ 01110000
01110100 01010110 01010110 01001000 01010111 00110110 01110101 00110000
00110000 01011001 01000110 01110010 01001110 01101000 01001011 01000001
01001001 00101011 0100____ 01000011 0____001 01100010 01010011 01001110
01010110 01110000 01100110 01100111 01000110 00110000 01001100 01000101
01110101 00110011 01110101 01010001 00110100 01010001 01101010 01110111
01110110 01000001 01001100 01011000 01000010 01101010 00111001 01010110
0100____ 01001100 01101001 0____000 01001100 00110001 01011010 01000111
01000011 0110____ 00110111 0____000 00111001 0110____ 01100001 01110110
01101101 01010101 01101000 01110111 01001001 0110____ 00110110 01000101
01001001 01110111 01100010 01101001 01011000 01000111 01010101 01000001
00110010 01101110 01100100 01110111 01100110 01011001 01110101 01100101
01010001 00110110 00110001 00111001 00110011 0____001 01000100 01100010
01110101 00110011 00110111 01110001 0____001 01000111 01011001 01000001
0110____ 01010000 01000101 0100____ 00110011 01001100 0100____ 00110110
01100110 00101011 0110____ 01100011 01000001 01110111 01000011 01100111
01101001 01000001 01010001 01000001 0100____ 0____000 01010010 0010____
00110110 01110011 01010100 01000010 01010000 01011010 01001000 01101110
0100____ 01100111 01000100 01010101 01001011 01000111 01001101 01000100
01101001 01001001 01000101 01100010 01100101 0____010 00110100 01000101
00111000 01101000 01110100 00110100 00111000 01001000 01000010 01010100
01010001 01001011 0____010 01100110 01110011 01100101 01110001 01000001
01100101 00111001 01010000 01001001 00110110 01110101 0110____ 01100011
01110101 01000110 00111000 0____000 0____000 01100111 01010000 01000001
01010011 01110100 0____010 01110001 00110110 01110000 01100101 01110011
00110001 01100100 01010111 01010110 01100010 01001110 01000100 0010____
01001101 01000001 01000001 00110000 01100101 01001011 00101011 00101011
01000010 01000101 00110111 01110000 01000010 00101011 01010000 01000010
01100011 00110100 01110001 01011010 01000111 01010111 00110011 01011000
01000010 00110111 01011001 01000001 00111001 01000010 01000010 0100____
01100011 01001011 01001101 01000111 01010010 00111001 01001110 01101001
01100111 0010____ 01000001 01000010 00111001 01000111 01110011 01011001
01000001 01000101 01110111 01100111 0010____ 01000100 00111000 01110111
01000011 01101001 01001011 00101011 01110111 01010001 01000110 01010000
00101011 01100101 01100110 01110111 01000001 01000111 0____000 01000100
00110111 00110111 01100111 01100101 01000010 01110100 01110011 00110010
01011001 0100____ 00110001 00110011 01110111 01000101 01011010 01010000
01100100 00110100 01010000 01110101 01000010 00110110 01010000 00110001
01000010 01110110 01010001 01001000 01101010 01110001 01010010 0____000
01010110 00110001 00111001 01000011 0010____ 01000100 00110011 01001001
01011010 01000100 00111000 00110001 01010111 01010110 01101100 01100110
01101011 01100111 0____010 01000111 01101100 01100101 01000011 01000011
01101011 00111000 01000101 01010011 01100110 01000111 01010011 01000100
01001101 01011000 00110110 0____001 00111000 01101010 01001010 0____001
01110011 0110____ 01000010 00110110 01110011 01000110 01110001 01110111
01101010 00110101 00111000 01010000 01101010 0110____ 0____001 01000010
01000010 0010____ 01110100 00110100 00101011 00110101 01001100 01010101
01100111 01101010 01010111 01000101 00110001 01101101 01101000 01110001
01001001 01001011 01100001 01110000 01011010 01011001 01011000 01100111
01100001 0____000 01010011 0____001 01101100 00110100 01100001 01010001
01110110 01011010 01101011 01101100 01011000 01001010 01100100 01000001
0____000 01001101 01000101 01010110 01011010 01010010 01010010 01101100
00110101 01001001 01010001 00110000 01101101 01100011 01000110 01100110
01001010 01110101 01110000 01000101 01010110 0____010 01100011 00110001
01101100 01001010 00110111 01000010 0____000 01101110 01000100 01110111
01010100 01101011 01001110 0110____ 01011001 00111000 01100001 01100111
0110____ 01000011 01000011 01011010 01001001 01000001 01010101 01011010
01000001 01110100 01000110 01100100 01010110 01101000 00110110 01001010
01010010 01001101 01110010 01001011 01001001 01010111 01010001 01010010
01000011 01000111 01101101 01010001 01001001 01010101 00110000 01001011
00111000 01010011 01010110 01101010 01100111 01110001 01010110 00111001
01010011 01100011 01001100 01110010 01010100 01110010 00110111 00110111
00110000 01010001 01001101 0010____ 00110110 01000101 01010011 00111000
01001000 0____000 01101100 01010000 00111000 01001001 01011000 01010100
00110111 01101010 01000101 01110101 01101000 01000001 01000011 0____001
01101000 01110000 01000001 01010001 01001101 00110011 0____001 01010100
01100010 01001101 01010100 01110000 00110100 0010____ 01100100 01101010
0110____ 01101100 00101011 01101101 00111001 01110011 01001101 0____010
0____010 01010100 01101110 01001001 01010110 01110100 01001101 01101100
00110100 01101010 01000010 01101011 01000001 01110100 01000111 01000111
01010001 01010000 01000100 01010111 00110001 01001011 01100010 01010010
00110100 01010001 01011010 00110100 01001001 01101001 00110110 01001001
01010001 01010000 01010001 01101001 01110111 01011000 01010111 01110100
01101100 01100100 01010110 01101100 0010____ 00110000 0____010 00110110
01001000 01110000 01101110 01110011 01101110 00110000 01001010 01100010
0____010 00110001 01110100 00110010 01001001 00110011 01000110 01001110
01011010 01101110 01000100 01101011 00111001 0____001 01001010 01110001
01001101 01100111 0100____ 01110010 0____010 01110111 01000010 01100100
01100111 01000111 01110011 01110010 01000111 01110111 01100011 01100010
01001011 0____000 01100110 01001000 01001110 01100111 00110100 01100101
01100010 01110001 00110100 01100100 01000001 01101110 01001011 01000011
01000001 01101110 0____000 00111000 01000001 01101101 0110____ 01010011
01010101 01101011 01001010 0____001 00101011 01101000 01110000 01000111
01101000 01101110 0110____ 01100001 01110101 01110100 01110001 01101101
01100001 01001010 00111001 01000100 01110000 01101100 01100010 01110101
01001011 01000111 00110011 01100100 01001001 00101011 01000110 01001000
00110011 01100110 00110011 01001010 0110____ 01100011 01100100 01000100
01010100 01011010 01110111 01101001 01011001 00111000 00111000 01000111
01011000 01100110 01011001 01001010 01000100 01100111 00110010 01101011
0100____ 01011001 01000110 01110111 00111000 0010____ 01000001 01001001
00111000 01000001 01110001 0110____ 01000011 01100111 01110001 01110001
01000010 01110000 01110010 01110010 01101101 01100111 01100110 00101011
01110100 00110010 01010111 00110001 01000001 01100101 01000100 01011001
01000001 01110001 00110110 01000100 01010110 01101001 01101000 01000101
01000011 01001011 01000100 01101010 01100111 01000101 01000001 00110101
01001001 01001011 01110011 01010000 01000001 01010101 01000110 01110111
01100101 01100100 01000010 01000100 00110001 01110101 01010100 00110111
01110101 01010001 01011010 01000011 01000010 00110100 01011000 01010010
01001101 0____010 01000010 01110101 01011001 01010111 01001010 01101101
01000001 01010001 01101101 01010110 00110111 01000001 01000001 01100100
01000010 01000001 01110001 01101100 01100111 00110000 01001000 01110000
00110110 01010111 01001000 01100111 01100001 0110____ 01001011 01000101
01100111 01011000 01011001 01000001 0____000 01101011 01001000 01010000
01110101 01010101 01100100 01100101 01101101 00110100 01001000 01001100
01000011 01110011 01001101 0110____ 00110101 01001101 00101011 01001110
01000011 01001001 0010____ 01001100 00110011 01000011 01001011 01110011
01010101 00111001 01110010 01001001 01100111 00101011 01110010 00110101
01001001 01001011 01001100 01100111 01010001 0110____ 0____000 01100111
01011001 01110100 00110110 00101011 01011001 0____001 01100011 01110110
00110011 00110001 00110101 01010010 01001101 01100110 01000110 00111001
01000101 0110____ 01110000 01001011 0____001 01101001 01110001 01110001
01010011 01000100 01010110 01100100 01010000 01011000 00110000 01000100
01010001 0____001 01001110 01101010 01000101 00110010 01110011 01100010
01010111 00110111 01010001 01100100 00101011 01001000 01011010 01101000
01011000 01011000 01000110 01110101 00110111 01101000 00110101 00110100
01010100 0____000 01001001 00110101 01001001 01000100 01000001 0110____
0100____ 01000011 01010100 00110000 00111001 01001010 01101101 0____010
01101011 01100101 01100110 0100____ 01011000 00110100 01101001 01001011
01010100 00110111 01101001 01010011 01101101 01001000 01010001 00110001
0100____ 01010011 01010101 00110001 01001011 00110101 01110100 0____001
01001101 0____001 01100011 00110011 01001100 00110111 00101011 01100111
01110010 01001100 0____001 01101001 01110011 01110001 01110001 00110110
01110000 01110010 01100010 01110101 0010____ 0110____ 0100____ 01001000
01010100 01100011 00110000 01110100 01110010 01010111 00110011 01110100
01110110 01011000 00110011 00111001 01101010 01110111 01100101 01100101
01000100 01000001 00110100 00111001 01100110 01100110 01101100 01110001
00111001 01010000 01011000 01011001 00101011 01001101 01010100 01101011
00110001 01001010 01110101 01010000 01110011 00110011 01010000 0____010
01000011 00110100 01110100 01001100 01101110 00110101 01011001 0010____
00110000 0010____ 01001011 01000011 01000001 01000110 01000100 01001001
01100100 0010____ 01101100 01101100 01011000 01101000 0____000 01100111
01011000 01101110 01010001 01110111 01000111 01000010 01010100 01000111
01010011 01001101 01110011 01001100 01010001 01101000 01100100 01000101
01001001 00110011 01000100 01000001 00110110 01010000 01100110 01001001
01001101 00110011 01000010 01110001 01010111 0____010 01000110 01101001
0010____ 01001100 01101101 01000101 01000101 0100____ 01000110 01100010
01110101 01001000 01011000 01101001 01001101 01101011 01110011 01100010
01101101 01011001 01010001 01010110 01010101 01000010 00111001 00110100
01011000 01001001 01100111 00111001 0____010 01001110 01110100 01000110
01000110 01000110 0010____ 01110101 0010____ 01010101 01101000 01001100
01100010 01010011 00110010 0____010 01100110 0____001 00110010 0____000
01101001 01010000 00111001 01010010 01011010 01101010 00111000 01010011
00101011 00110101 01101110 01011000 01010101 00110100 01000001 01010110
01000011 01110101 00110100 01000100 01001000 01000110 01000001 0100____
01010001 01000001 01110100 00110100 01110110 01010111 00111001 01100110
00101011 00111000 00110001 01000010 01101001 01010001 01101000 01101010
01010110 01010011 01000011 0110____ 00111000 01001011 01010000 01001000
01011000 0100____ 00110011 0____001 01000101 01010000 01110011 01001010
01110100 00110111 01110001 00111001 01010011 01100111 01001011 01110100
00110000 01010101 00110110 01000100 01101110 01010110 01101110 01010110
01011000 01001000 01110000 01101110 01110111 01110000 01011010 01000110
01000011 01001010 01101000 01110111 00110001 01000110 01100010 01010010
0010____ 01100111 01000011 01100100 01000101 00110000 01010110 01100101
01001011 0110____ 01100100 01000110 01001101 00111001 0110____ 01001110
01110100 01100001 01001010 01001101 01110000 01110010 01010100 01001011
01110000 01010001 00101011 01110011 01000001 01101001 01101010 0____000
01100010 00110101 00110001 01010110 01000111 01110110 01000001 01101010
00110111 01010110 01100101 01110010 0____010 00110110 00111001 01100011
01010010 01001110 01011010 01001010 01010101 01110010 00110111 00111001
01010110 01110010 01010101 01001011 01011010 01001100 01000001 01110011
00110010 0____000 00110111 01110010 01101011 01001000 01010100 0____001
00110100 01001110 01001101 01000110 01010010 01101110 01001101 00110001
0____010 01001010 01010001 0100____ 01110001 01011000 01101000 01000010
01001011 01100010 00110010 00110001 01010101 01100110 01110011 01100001
01000001 01001101 01010010 01001010 01000011 01100100 0010____ 01100111
01000111 00110110 00110101 01110000 01100010 01001101 01100010 01010101
01100001 01001110 00110100 00111001 01110101 00111000 01101000 00110101
01001101 01010011 01010011 00110111 01000111 00110011 00110000 0____001
01000101 00110001 00111001 01001011 00110010 01010100 01011000 01001101
01001000 01001000 0____001 01011001 01011000 00110111 01110000 01001001
00101011 01010010 01101110 01001110 0110____ 01000011 01011010 00110100
00101011 01101010 00110000 01010010 01100010 00110111 01001000 01101010
01010110 00110001 01010110 0____010 00110010 00110001 01101010 00110000
0____000 01110101 0____001 01010000 01010010 01101100 00110011 01101101
00110000 01010010 01011000 01110011 01010010 00110110 01000110 01101011
01000111 01100100 01001110 01000111 00110111 00110000 01110001 01100001
01101011 01010011 01110011 01000100 00110000 01001101 01011001 01011000
01010111 01000010 01000110 01110011 00111001 01001000 01110001 01010101
00110111 01000110 01110001 01110010 01101001 00110000 01101110 01001110
01010000 01101010 01110111 00110011 01010110 00101011 01001010 01010000
01010100 01110000 01010010 0110____ 01101101 01010111 01101001 01010110
01101110 01011010 01110111 01110001 01101101 01100010 01001011 01100101
01110111 01010001 00110110 01011000 01110101 01001101 01110011 00110000
00101011 00110000 01000011 01110000 01001000 01110101 01101100 00110111
00110111 00110000 00110011 01101011 01110010 01010001 01001010 00110011
00111000 01010001 0____000 01011000 01101000 01101100 01011001 01000010
01010010 00110110 00110011 00110011 01110001 01010010 01110001 01010101
01011001 0____000 01100101 01001000 0100____ 01101011 01110001 01001110
00110000 01001010 01010110 01101110 01110001 00101011 01001101 0____010
01011000 01000101 00111001 01010000 00101011 01010000 00110111 00101011
01101110 01010000 01110101 01011010 01000110 01110111 01100110 01001100
01100101 00110110 01001100 01000001 0100____ 01010001 01110110 01010000
01000100 01000100 0____010 0____010 01010000 01110001 01010101 01110010
01000101 00110111 00111001 01101100 0____001 01011000 01000100 01010000
01000110 01001001 01110000 01110100 01000011 00110000 00111000 01101100
01110000 01001110 01100101 00110010 01101100 0____010 01110111 01100001
01101001 01010011 01101000 01110011 01110110 0110____ 0____010 01110011
00110010 01101001 01100011 00110100 01010110 0010____ 01101001 0____000
00110100 01001101 01100010 01010100 01001011 01000111 00110110 00110000
01100010 00110010 01110011 01101000 01101011 01110110 01010111 01010011
01101001 01001100 01100101 01110010 01101010 00111000 01000011 01100011
01110110 01110010 01101110 01010100 0____010 01101110 01100100 01101000
00110100 01110110 01101110 00110001 01100111 01101000 01001001 01000111
00110010 0____001 00101011 0____001 01100110 01100011 01101110 01100101
01001101 00111000 01010101 00110011 00111000 01010110 01000111 01110000
01000111 00111001 01001010 01010001 01101100 01000101 00110101 0010____
01110011 01101101 01100101 01100011 01100111 01001001 01100010 0100____
01010101 00110010 01001101 01010011 01100010 01100100 01001110 01100110
01110001 00110101 01101110 00110000 00110111 01001101 01010010 01110010
01011000 01101001 01101011 00110110 01101011 01000001 0100____ 01100100
00110010 00110000 01011010 00110001 01101010 01100011 01110110 01000101
00110111 01011000 01001000 01000111 00110001 01010011 01110001 0100____
01010111 00110110 0110____ 0____000 00110010 00110110 01110001 01101010
01110101 01001010 0110____ 01010001 01001101 01101110 01110001 01100110
01100101 01001100 01110001 00111000 01100111 01100111 00110101 00110111
01000110 00110011 01001010 01100101 01010100 00110000 01010010 01110001
01101010 01101100 01100011 01110101 01110011 01001001 01010011 0____010
01010011 01101100 01101100 01100111 01101110 01000011 01110100 01101001
01011000 0100____ 01001110 01010011 00110110 01101000 01001010 01010011
01001010 00110111 0100____ 00110011 00101011 01110010 01110001 01101010
01001000 01100101 00110001 00111001 01000011 01000010 00110101 01001010
01010010 01101010 01100001 01101101 0110____ 00110001 01001011 01101000
00110111 01110000 01010111 01011001 01000111 00111000 01001101 01001110
0110____ 01100001 01101110 01010100 00110101 01001100 0____010 01000110
01100111 01110110 01000010 01110101 00110101 01110100 00110100 01001011
01001011 01110101 01100011 00101011 01110111 00110001 01010011 01000100
01000011 01100111 00110111 0____000 01110111 00110100 01101100 01110001
00111001 00110101 01101101 01010000 01010010 01101110 01101110 01110010
01010001 01101110 01101110 01010101 00110101 01101011 01110011 00110000
01010000 00110110 01100100 01010100 00110111 01100011 01100101 01010101
01011010 01110100 01010001 01001110 01010100 01000101 00111000 01000110
01001110 01011010 01001000 0100____ 0____010 01001000 01110000 00110001
01001011 00110001 00110000 00111000 01110001 01100110 01100001 00110100
00110101 01100111 00110011 01101100 01101000 01001001 01011010 00101011
0____001 01001110 01100100 01010100 01101000 01100101 0____001 01101000
00110100 00110011 01100101 01011001 0100____ 01010111 00111001 00110111
00101011 00111001 01110100 01100101 01110101 01110101 01101100 01100110
01101101 01010101 01110011 01011010 00110011 01110010 01010110 0____010
00110101 00110101 01100101 01010011 01101000 01100001 01001100 00110010
00101011 01000010 01000110 01100100 00110111 01110011 01101110 01010010
01010101 01110001 01110010 01011001 01100010 01110000 01110111 01001100
01010010 01110011 01100001 0100____ 01010010 01000110 01000111 01100110
01001101 00110011 01110100 01110110 0____000 01000101 00101011 01001101
00110010 01000010 00111000 01101100 01000111 01100100 01101101 01000011
01100001 0010____ 01001001 00110000 01010101 01100100 01000011 01101110
01100011 00101011 01001000 01000100 01110011 01101011 01100010 00110101
01001100 00101011 01011000 01110111 01100101 01010011 01010011 00110001
01110100 01001101 01000001 01100010 01000111 01000011 01101001 01001001
01110011 01110111 01010101 01100101 01100111 01110111 01101101 01110111
01110000 01010101 01001010 01101101 01101110 01110010 01001011 01010111
01110100 01010000 01101110 01001101 01110111 01110001 00110011 00110111
01001101 00110011 0010____ 0____010 00110100 00101011 01000010 01000100
01010100 00110010 01011010 01000110 01110100 01100110 01100110 00110111
01000010 01101110 01010111 01001101 00110101 01010011 0010____ 01100010
01101100 01010001 0____000 01000101 01101010 01011000 01000001 01101110
00110010 01001100 01101011 01110010 01110110 01101100 01000110 00111000
01100101 00110000 01101101 01100001 00110011 01100101 01011000 01000010
01101101 0010____ 01000111 01001011 00110101 01001001 00111000 0100____
01010100 00110010 01011000 00110101 01100111 01110001 01100011 00110111
01110010 01101011 0010____ 01011001 01110110 01010100 00110110 00110110
00110100 01110111 00110111 01000111 00101011 01110000 01011000 01100010
01101000 00111000 01000110 01001100 0____010 00110111 01101000 01100010
01101110 00110101 01001000 01010011 00101011 01110011 00110001 01100110
01110000 0010____ 01010111 00111001 0010____ 01001110 01001001 01010011
01000110 01100100 01001000 01010010 00110001 01110000 01000100 01010100
01000010 01110010 01100110 01000101 01011010 00111001 00110110 01110001
01010000 01000111 01110111 01101110 01001010 01101110 01011001 01110010
00110101 0____001 0____000 01010111 00110010 01000011 01000111 01110100
01011000 0100____ 01001011 01000101 01010101 01110001 01001011 00110001
01100011 00110111 01110100 01100010 01011001 01110100 01110010 01010011
00110001 01001000 0____001 01100101 00110001 00110001 00110010 0100____
01110011 01110100 01001001 00110010 01110011 01010011 01000100 01101001
01001101 01100100 01010111 01110110 0____010 00111000 00110100 01100011
01010000 01110000 00110010 01110110 01001110 01000111 01010100 01100110
01001101 01100111 01011010 01110110 00110100 00110001 00110001 01010101
01100001 01110000 01110110 01110001 01001101 01010010 01010010 00110101
01100001 01001001 01010011 01010001 01101110 00101011 00110110 01110100
01110000 01101100 01001011 01101100 01101010 01010110 01100101 01100001
01010000 01110110 00110010 00101011 00111000 01101110 0____010 01101000
01100010 01000010 01101000 01011010 01001011 01010111 01110110 00110100
01010101 01000111 01100011 01000101 01101011 00101011 00110000 01110100
01000100 01100011 00101011 01110111 01000010 01110010 01010001 01001001
01010111 00110100 00111000 01010010 01100100 0010____ 01110001 01101010
01110010 01011001 01100110 01110101 00110010 01001101 01101101 0010____
01100101 00110001 00110101 01110000 01001110 01000110 00110110 0____010
01001000 01001100 01000010 0010____ 01100100 00110001 00110001 01000011
01010110 00110101 01000001 00110011 0100____ 00110110 01010101 01110011
01001011 00101011 01000111 00111001 01001101 00110001 01110110 01100101
00101011 01100001 01110100 01101100 01001001 01011000 01110010 01100011
01011001 01110011 01001001 01100110 01110001 01010011 00110010 00110001
01100110 01010110 01010100 01010010 01101100 01010001 00111000 01001001
01001001 0____010 01100010 0010____ 01001010 0____010 01110111 01001010
01010110 0100____ 01100100 01101110 0____010 01110111 00101011 01000110
01001010 01010000 00110000 01100101 00110101 01001011 01110110 01010110
01001110 01011000 01001000 0110____ 01000011 01110010 01100001 00111001
01010101 00110100 00110010 01110001 00110110 01000111 01100001 01101100
0____010 00111001 01010000 01110010 01010001 01101110 01000001 01110111
01110110 01101010 01110101 00110000 01110010 01100100 01001011 00101011
01100001 01000111 01010110 01100110 0100____ 01011000 01010011 01100010
01010001 01100101 01000110 01010001 01001101 01100010 01001010 01010001
0100____ 01010101 01000100 00110111 0100____ 01011001 01110011 00110010
01101101 01110001 01011000 01101101 00111001 01000111 01010110 01101110
01001011 00111000 01100101 01110000 01101110 01100001 01101101 01001110
01110010 00110001 01110010 00110010 01000101 0____001 01011000 00110100
01010011 00110100 01110011 01110111 01101010 00110110 00110111 01001010
01000111 00101011 01100110 01001001 00110101 00110110 01110010 01001101
00110101 01100011 01101001 0010____ 0110____ 01110101 00110100 01110011
0110____ 00110000 0____010 01110111 01001110 01101011 00110101 01010001
01001000 01100110 01000001 00111001 01100011 01000011 01101011 01001100
01001001 01001100 01000011 01100111 01000111 01110101 01011010 01010011
0100____ 01000111 0____000 01010111 00111001 00110001 01010010 01010010
01110110 01100110 01010010 00110001 01100001 01110100 0010____ 01010110
00110001 01000111 01011010 01010000 01100100 01001011 00110001 0____010
01110001 01011010 01110100 01001001 01101000 0110____ 01010110 0110____
01101100 01000101 01100100 01010111 01001000 01010111 01110110 01001101
01011010 01011000 00110001 01101011 00110011 00111000 01100110 01001100
0110____ 00110001 01110001 01100100 00110001 01001000 01011010 0____010
01011010 01001010 01001110 00110001 01100100 00110110 01100101 00110011
01100011 00110110 01100111 0____000 01100101 01101011 0____001 00110001
01110100 01011010 01101010 01110110 0100____ 01110000 01100011 01100001
0010____ 01110001 00110010 01100100 01100101 01101100 01000010 01110101
01100111 00110001 00111001 0____010 01101100 01101101 01110001 01011000
01010011 01100010 0____010 01100111 01100010 01010101 00111000 0____010
01000110 01110100 01100010 01001000 01101000 00110000 00101011 00110100
00101011 01001100 0010____ 00110001 01010010 0100____ 01100100 01010010
0____000 0110____ 01110111 01010111 01110101 0100____ 01001000 01110101
01101001 01110110 00110000 01010010 01101100 01001000 01010010 01101100
01101011 00110100 00110101 01001010 01100110 01001101 01010001 01100100
01101101 01001110 0010____ 01010110 01101001 01101101 01100110 01100010
00110110 00110000 01010111 0100____ 01001110 00110010 01110010 01010101
01000100 01110111 0____000 01110010 00110111 01110001 00110101 01110001
01100101 01100010 00111000 01101110 01110011 01100001 01110110 01100101
00110101 01100100 01110010 01001100 00110010 00111001 01001010 01011010
01100011 01010101 0010____ 00111000 01110101 0____001 01100001 01100011
01011010 01101100 01110101 00110011 01000011 00110100 01010101 01010110
01010010 01101100 01000101 01100100 01010011 01000001 00110100 01000011
0010____ 01011010 01001101 01110100 01101001 01100011 01110010 01110101
01101010 0110____ 00110111 01001100 01100100 01101100 01011001 00110011
00110011 01010000 01011001 01000101 00111000 0____001 01001011 01110000
01110100 01010110 01101101 01100011 00101011 01110010 01100110 01101101
01101000 01100011 01110001 00111000 01000010 0____001 01110100 01100010
01110011 01010101 00110000 00101011 00111000 01110011 0100____ 00110011
01100100 00110110 01000111 00110011 0110____ 01100010 00110010 01010101
01110110 01000101 01010010 01001001 01000101 01110111 00101011 00110110
01110011 00111000 01100101 0____001 01101010 01011010 01000110 01101001
00110100 00110010 01001010 00110011 01100011 01001010 0010____ 0100____
01101101 01010010 00110101 00110000 01010000 01100110 01110110 01110001
01000001 01110010 01110101 01000011 0____010 0010____ 00110000 01010110
01110010 01100011 00101011 01010000 00101011 00110010 00110100 00110010
0____010 01101010 01101011 01101001 00110001 01100110 01001011 01100010
01110110 01100010 01010011 01100001 01101101 01001110 01101101 01010011
01000010 01001000 01101101 01001000 01101000 01001011 00110100 01010000
01010110 0100____ 01011001 01101001 01010011 01011001 01010101 01110000
01001110 01101000 01000110 01101010 0110____ 01100010 01110101 01010101
01110101 01001000 01010000 0____010 01110011 00101011 0110____ 00110111
01110101 01010001 0____000 01001110 0010____ 01000110 01010001 0____001
00110011 00110011 01101011 01011010 01010000 01010011 00110101 01101000
01110101 00110110 00110010 01000001 01001100 00101011 01010100 01001011
01001011 01101110 01110100 01100100 0____001 01000010 01110001 00110000
01101011 01010000 01010111 01110100 01101001 01010011 0110____ 01000011
00110100 00101011 0____000 01010010 01100101 01011000 00110101 0____001
01001101 01101101 01110111 00110110 01101000 01101110 01100111 00110111
01011010 01100110 01000100 01000111 01001011 01001000 01100100 00110111
01010110 01101000 01010110 00110101 00110110 01010100 01101110 01100110
01110010 01110011 01011000 01000111 01001001 01110011 00111000 00110111
01110101 01100010 01010110 01101010 01101000 01110011 01010110 01100101
01010011 0100____ 01110010 01010111 01100110 01000001 00110001 01110110
00110010 00110111 01110110 01101110 01010111 01110101 01110110 01101001
00111001 01101011 01010000 01101010 00110101 01100111 01110011 01110101
01000100 00110001 01010001 01000110 01101110 01000111 00101011 01001100
00110010 01011000 01100110 01110110 01101000 01010111 01100111 01110000
01010010 01100101 0____000 01010111 00110100 01100101 01101011 00110110
01110101 01100010 0____001 01101001 01110100 00110110 01101010 01100001
01001100 00110101 01011000 01100001 01001101 01010111 01011001 01100101
01110111 00110101 01001000 01110111 01000001 01010010 01001001 01110010
00110011 00110101 01110110 01001001 01000110 01110011 01101100 01101000
01100010 01011000 00110001 01110101 00110010 0010____ 01000010 01110101
01101010 0____001 01001101 01100110 01001010 00110010 01010010 01000011
01000011 01100100 00111000 01101001 01101001 01101010 01110110 01010011
00110101 01100111 01110110 00110100 00101011 01000101 00111001 01101101
01101101 00111001 01010010 01110001 01001000 01010110 01001101 01001011
00111001 01100110 00110011 00110110 01101000 01001101 01100110 01101001
01010001 01101010 01110010 00110011 01001110 00111000 00110101 01000011
01100100 00111000 00110001 01000101 01101011 01011010 00110011 01000100
01001001 01010110 00110000 00111000 01001000 01001001 00110011 01110001
01001100 01110000 01010001 0____010 01001100 0____001 0010____ 00110011
01010101 01101001 01110000 01001101 01101101 00110010 00111001 01101011
00110110 01000110 00110000 00110110 01101001 01000111 0____010 01100111
01101011 01011000 01010011 01001110 00110101 01100011 01011010 01100100
01100001 01001001 01000100 01010111 01011010 0110____ 01010101 0____000
01010111 0110____ 01100010 01011001 01100100 01001000 01000010 01101001
01010110 01100001 00110011 01000111 00110010 01100011 0____000 01010101
01100010 0010____ 01100001 01101010 01000101 01110001 01110101 01010001
01001000 01100101 01100110 01101101 00111001 01101011 01110000 01001000
01010001 00110111 01110100 01110100 01100010 0100____ 00111001 01110000
01101110 01010011 0100____ 01001101 0____000 0____001 01101110 01110010
00110111 00110010 0____001 01010100 01010101 01001001 01000010 01010000
01000011 01001000 01101000 0____001 01110110 01000101 01110111 00110011
00111001 01001000 00110000 01010110 01000010 0____001 01101011 0010____
01101001 01010001 01101010 00111000 01010111 01101011 01100111 00110001
01010110 0____000 00110100 01100101 01110111 0____001 01100101 01110000
01001011 0____000 01000101 0____010 01000100 00110010 00111001 01011000
01010000 00110001 00110000 01010100 01110100 01110100 01010110 01101110
00110010 01001000 01010100 01011000 01010111 01100011 01011010 01110111
00110101 00110001 01101011 01010000 01110100 01100110 01010100 01110011
01000110 01000010 00110101 01110011 00101011 00111001 01101100 0100____
01010001 01100001 00110001 01101010 01110101 01011010 00110101 01010110
01101001 00110011 0____000 01110100 0____000 00110111 01100101 01001101
01110111 01110010 01010011 01110101 01001100 01110100 01010110 0010____
01110011 00101011 00110001 01010011 01000110 01011010 01010000 01001101
01000011 01100010 01000001 01110101 00110111 0100____ 01000010 01011000
0____000 01000110 01001110 01110101 01100010 01100111 01000111 00110100
01011010 01110101 0____000 01100011 01001000 01001101 01010100 01100111
00110111 01011001 01001000 01101001 01101011 0____010 0____001 01000110
01110011 01101000 01100001 01101110 01110010 01011000 01010011 0____001
01000110 0110____ 01100110 01010011 01110100 01100111 01110101 01010100
01011000 01100011 01101101 00110111 01110011 0____001 01110000 01100001
01000010 01100100 00110000 01100110 00101011 01011010 01101011 00110110
01100100 01100110 0____000 01100101 01000111 01010100 01001101 00111000
01011001 01001011 00110110 01110011 01000110 01001010 01000100 01110100
01001001 01101010 01101011 0010____ 01001011 00111000 01001011 00110101
00110111 00111000 01011000 01000001 00110100 01100110 01110000 01100111
01101011 01010100 00110100 00101011 00111001 01010001 01010111 01101000
01110000 01000001 01101110 0____010 01100111 01100100 00110000 01101000
0____001 01100010 01100101 00111001 01100100 01100111 01110000 01110110
00110010 01010010 01011000 01011000 01011010 01100110 00110110 00111000
0010____ 01110010 01001000 01101011 01001010 01010010 01011010 01010101
01000001 0110____ 01110110 01101011 01100111 00110100 01100100 00110011
01101010 00110100 0____000 0110____ 01101000 01001001 01010111 01010011
01101100 00110110 01101000 00110111 01011001 01001011 01101011 00101011
01001011 01100101 01100010 01010101 01010101 01100100 01100101 01011001
00110100 00110111 00110011 0110____ 01101101 01100111 00111000 0____010
00110000 00111001 00110100 01010000 01100100 0100____ 01100110 01001011
0____000 01100011 01100100 01110001 01101000 01001001 01110101 01000100
01100011 00110111 01011001 0____001 01100110 01000011 01101001 01001001
01000111 0010____ 01110110 01100001 01100101 01101001 01010100 00101011
01010111 0100____ 01000100 01010101 01010001 01001110 00110000 01100100
0____001 01110010 01000111 00110000 01110010 0010____ 01000110 01110110
01000100 01100010 01001110 0010____ 01010110 00110000 0110____ 01100011
01000011 01001101 00110011 00101011 00110000 01000100 01001000 00111001
01100110 01110001 01000110 00110100 01101000 01000011 01101101 0____010
01110100 0110____ 01110001 00110101 01110111 01011010 01100111 01110010
01100001 01110000 01010010 01001100 01110110 0010____ 01100010 01001001
01100100 01100010 01001001 01101000 01010010 00110000 01100111 00110010
01100010 01000110 01011010 01001100 01110000 01110010 01001001 01100011
01110100 00110011 01101000 0____000 0____000 00110000 01101011 01000110
01110010 01110111 01001110 00110101 01001001 01101011 01100011 01010110
01001101 01110011 01001010 01010101 01110000 00110010 01100101 01100011
01001000 00110001 0010____ 01000010 01000110 01010001 0____000 01010000
01011010 01110010 00110010 00101011 01001101 00101011 01010010 01110100
01101110 01001001 01100011 01110110 00111000 01010001 01101010 01001011
0100____ 01010001 0____010 01110100 01110001 01010011 00111001 00110101
00111000 01110100 01010111 01010100 00110011 00110011 01000010 01001001
01100010 01100101 01001001 01100101 01010100 00110110 00111001 01001001
01100111 01010111 01010110 01101011 01001001 00110100 0____001 01010101
01110011 01011010 01000100 0____000 00110001 01001010 01101110 01110101
01101001 01000100 0____010 01110110 0010____ 01011001 01101011 00111001
01110000 01001001 01011001 01101001 00110101 01001100 01110101 01101001
00110011 00110111 01001011 00110011 01001010 0____010 00111000 01001100
01011000 00110111 0____000 0110____ 01001100 01000011 01010010 00110100
01101010 01010000 0010____ 01100011 01010011 00110100 01100101 01101011
01010001 01001101 00110110 01010010 01010101 0110____ 00110100 01011010
01010011 00110111 01010101 01101011 01110001 01100111 01110101 01100001
01110001 00110110 01000111 01000100 01001100 01100001 01001010 00110100
0____001 01110001 00111001 01000001 00110111 0____000 01000110 01000001
01101110 0____000 0____001 01110110 01110011 01100011 0010____ 01000001
01010100 01000110 01001010 0110____ 01010111 01110110 01110101 00110100
0110____ 01011000 01110111 01001001 00110101 01100010 01101101 01101000
00110011 0____001 00110011 01110110 01101011 01010101 00110111 01000101
01010100 01010001 01110011 01011001 00110010 01101101 01110111 0____000
01001101 01100011 01000010 01100100 01101001 01010000 01110010 01110111
01101101 01000001 01110001 01100100 0____010 01010001 01010010 00111000
01100100 0100____ 01010001 0100____ 0____010 00110101 01000010 01011010
01001011 01110111 01110000 01110000 0100____ 00110111 00110001 01010001
01100100 01001010 01101101 01101110 01010111 01100001 01010001 00110011
01110000 01010111 01000101 00110101 00111000 00101011 01101010 0110____
01110011 01101101 01000100 00110011 01010001 01010000 00101011 01100010
00101011 01110011 01001000 01010010 01100100 01000001 00110000 01011010
01010000 0010____ 01110011 01010111 01010010 01110111 01101011 00111000
01100101 00110001 01101011 01000101 0110____ 00110100 01101100 01101011
0____000 01010001 01010100 01001011 01110100 01001011 0010____ 01101110
01000011 01000010 00110010 01110101 00110110 00110110 00110111 01000101
0010____ 01000010 01101101 01110101 01110101 01001011 01101001 0100____
00110011 01101101 01110100 01100011 01110001 01110101 0010____ 01010001
01000110 01100110 01100001 00101011 01101100 01110101 01011010 01001001
01101110 01100111 00110110 01110010 01011001 00111000 00110011 0____010
00110001 00101011 01110011 01001101 01010001 01110100 00110110 01100010
01010010 00110111 00111001 01001001 00110110 01000100 01001100 01010010
01101110 01010110 01010011 00111001 01100101 01010100 01000110 01110000
0100____ 01101001 00110111 01110001 01110100 0100____ 00110100 01010010
01110110 01100001 01110001 00110101 01000101 01110110 01010111 01000010
01001101 01010010 01100110 01100101 01110010 00111000 01100110 01110011
00111001 01000111 00110011 01001001 01110111 01100011 01100101 01110110
01110111 01010101 01010001 01110111 01101100 0100____ 01010111 01110101
00101011 01010010 01010111 01001010 01000110 0____010 01101000 01101011
01001001 00110110 01001110 01000001 0____001 01001010 01010100 01000100
01001100 01010001 01000110 00111001 01100100 01001110 01011000 01100100
01110001 01101110 01110010 01101010 00110011 01010101 0____001 00110010
01110110 01010011 01110001 01000100 01110110 00110011 01010111 00110111
01010100 00110101 01110110 01011000 00110001 01010101 01100100 00110000
01010000 01110011 00101011 01110100 01101001 01010010 01011000 01010010
0010____ 01011010 01010010 01011000 0____010 01110000 01001100 01010001
01011001 00101011 01110010 01000001 01000101 01010010 01001000 00110111
01011001 01001010 01110111 01011000 01010111 01000110 01000011 01000011
01101000 01010110 00110100 01110001 01110001 01101010 01011001 01011001
01000101 01110100 00110000 01110001 00110011 01110100 01110010 01001101
0____000 01101001 01010010 01110111 01010001 01001001 0100____ 01001010
01110101 00110100 01101001 00101011 01010001 01001011 01001010 01101001
0____000 00111000 01000001 01010011 01010001 01101011 00110001 01011000
01100100 0100____ 01010110 00110110 00111000 01001011 01101110 01000001
01101000 01011010 01100010 01000100 01101011 01100100 01100101 01010110
01001000 01110011 01101110 01110000 01110101 01000011 01011000 01011010
00110010 01110010 01100110 01110111 01101100 00110110 01100100 01001011
01110111 01100110 01110010 01010000 01110101 01001110 0110____ 01101001
01101100 01011010 0____000 01010101 01110011 00110010 01001011 01001101
00111001 00110100 01110001 01011000 00110000 01100100 01101101 01001010
01101011 00111000 01001100 00110111 00110100 00110110 01001100 01000100
00110011 00110011 01101011 0100____ 0____000 01110010 01000101 01001110
01110001 00110011 00110001 00111001 01001001 01001010 0____000 01010010
01011001 01010011 00111001 01101010 00110000 01001010 0100____ 01010010
01110010 01010111 01010110 01101100 01100101 0010____ 01001110 01000011
01110010 01100110 01000010 00111000 01100110 01110110 0____001 00110011
0110____ 01011000 01100100 00110111 01110001 00110010 01001101 01110011
01011010 0____000 0010____ 01100101 01010100 01001100 01100101 01110010
01011010 01000001 0110____ 01101001 01010011 01000011 01100110 01011000
01101010 01100011 01000100 00110000 01011001 01010111 01100011 0____001
01100010 01101110 01000010 01101011 00110110 01001001 01110100 0____000
01101010 01110001 01001011 01100001 01000111 01001001 01100001 00110011
01001001 01010001 01110110 01101001 01001011 00101011 01001001 0100____
00110001 01101110 01000011 01100100 01100100 01110100 01010100 0____001
01001100 01101011 01110110 01100010 01011001 0____001 01101001 00110001
00110010 00110000 01001001 00110010 01010101 01100100 01100111 01001100
01001011 00110100 0____001 01100011 01110011 01100111 00110001 01100111
01101011 01110000 00110101 01010010 01011010 01101010 01001001 01010111
01001101 01110000 00110001 01101000 01110110 01101100 01101100 00101011
00101011 01100001 01011001 01001101 0100____ 01110001 0100____ 00110101
01100111 0100____ 01001010 00110110 01100110 01101101 01000010 01000111
01100110 01101001 00110100 01110100 01100100 01001010 01110111 01010011
00110111 00110111 01001001 01000100 01000111 01000011 00111000 00111000
00110110 01001101 00110010 01001100 01010011 01000011 01110100 01101011
01101010 01101101 01101100 01011001 01110010 0110____ 01110000 01101100
01011001 01101010 01101000 00110000 01000001 01101101 01010111 01010010
00111001 0____001 0110____ 0____001 01110011 01100100 01101001 01001100
00110001 00111000 01110110 01001110 01100111 01110110 01101100 00110010
01010111 01010111 01010100 0____010 01100101 00111000 0010____ 01000010
01010101 00111000 01101100 01010000 01011001 01101110 01100101 01001001
01000001 01010100 01100010 0110____ 00110111 01101010 0100____ 01110110
00110010 01100011 0____001 01101011 0100____ 00101011 01010001 01001101
01011010 01101000 01110101 01101011 00110110 01001101 00110001 01100001
00110000 00110010 01110010 01010100 01001001 00110000 01001101 01110101
01101010 01110100 00111001 00101011 00101011 00110110 01101101 01110100
01100111 01100010 01001000 01100010 00110001 01110011 0____001 00110000
00110110 01001100 01001110 01010000 01100010 0____010 00110110 01110011
01110111 01110010 01010110 01010000 01100100 00110000 01100011 01101010
00110100 01010110 0110____ 00110000 01110001 01100100 0010____ 00110010
01110101 01110000 01010010 01000111 01100110 01011001 01101011 01110001
01001010 01110011 01011001 0____010 01100001 01010101 01101110 01010101
01110110 00110110 0____010 00110000 01110110 01100111 01000110 01010010
01100010 01101001 01110101 01010000 01010101 01001100 0100____ 01001110
01000100 00101011 00111001 0____010 01011000 0110____ 01101101 01010100
00110000 01000011 01101010 01001010 00110111 01110100 01110010 01011000
0____000 01001101 01101010 00110000 01110000 01110011 01000111 01110101
01010100 0100____ 0110____ 01000010 01101000 01100111 01011010 01000100
01100100 01010100 01010100 01110101 01101010 0100____ 00111001 01010011
00110011 01010000 01101110 01001000 0____001 01010010 01001110 01011010
00110000 01010101 0010____ 01001101 00110011 01001100 0100____ 00110110
00110100 01001110 01100010 01001011 01110111 01100111 01001001 01110100
00110001 01100111 00110101 0110____ 01110110 01000101 01001010 0100____
01010100 01000110 00110110 01001000 0010____ 01100001 01100110 01101000
01010001 01100100 01110011 01010110 01100110 01000110 01001100 01101011
01010001 01100001 0110____ 0100____ 01110110 0____010 00110001 01010111
0110____ 01110110 01101001 01010100 01101101 00110011 01000011 00110001
00111001 01010111 01100011 00110111 0____000 00110001 01010011 01100010
01001100 01100011 01101100 01001101 01000011 01100100 01001101 00110010
01101001 01110000 01001001 01001000 01110001 01110000 01100011 01010101
01100100 01110011 01100011 01001010 01010011 01110000 0010____ 01001001
01001100 01011010 01101101 01001011 01100001 01101100 01100100 01110111
01010100 01001011 00110000 01100011 01010011 01101100 00110010 00110110
01001001 0100____ 01101100 01100111 01101101 01101011 01010011 01010010
0____001 01101011 01000101 01001001 01100001 00111000 01101010 00110101
01001110 00110010 01000111 01000111 01001010 01110001 01110011 01000110
00110011 01011010 01001001 01001110 01000100 01101110 01100011 01100001
00110000 00110010 01010101 01110110 00110001 0____010 01110101 01000110
01010010 01101001 01100011 01110011 01000111 01010101 00110010 01101110
01110101 01100001 01011001 01001110 01010000 01001010 00110101 00110101
00110101 01010111 01000001 01100111 01001101 01001010 01110000 00110110
01100111 01010000 01010001 01110100 01101110 00101011 01010101 0110____
01000111 00101011 01010111 0____010 01000100 01100100 01100101 00110000
01100011 01101101 01110111 01010100 0010____ 00110111 01100100 01011010
01100010 01011010 01000101 01010100 01001000 01101000 0____001 01011010
01001100 01101100 0____000 01100110 01010111 01110010 01110000 01010010
01011010 01110011 00101011 00110000 00111001 01110111 01100011 01100111
01010110 0110____ 01001000 0____001 01101011 01110001 01100010 0____010
01000110 00110010 01100001 0____001 01110010 01101010 00110101 01001011
01010100 00101011 00101011 0____000 01001110 01010010 01101001 01010010
01110101 00110010 01001101 01110101 00110011 0010____ 01001010 01101001
01101110 00110010 01100111 01010000 00110100 01100010 01110000 01001010
0100____ 01000101 00111000 01100110 00110010 01100011 00111001 00110111
01101100 01110000 01100100 01010101 01100101 01100101 00110000 00111001
0100____ 0____001 01101110 00110110 0____000 01010100 01100011 01001000
01100001 01101110 01001100 01101100 0____010 01110010 00110010 00110001
01001000 01110010 01110001 01010001 01110011 00110110 01101001 01100100
01110100 0010____ 01101001 01110010 01010111 01010101 00111000 0____000
00111001 01101011 01100010 00110010 01110101 0____000 0____000 00111000
01011000 0100____ 01101101 01100001 00110100 01110110 01000100 01001101
01110000 01010100 01100010 00110110 01110010 01011000 01010100 00110000
01000011 00111000 01000111 01100010 01101101 01101110 01101000 01000111
01000011 01011001 01010100 01110110 0010____ 01010000 01010010 01010001
01110000 01011000 01101010 01100001 01110011 00101011 01011001 01010010
00110101 0____010 01100111 0100____ 01001110 01011000 01110000 01100101
01110001 00101011 01101001 01000110 01101001 01010011 01100011 0____000
0____001 01100110 01101100 01001000 00101011 00111001 0____000 00111000
01100100 01000010 00111001 0____000 01100100 01001101 01000001 00110100
01001011 01110001 01001001 01001100 01010010 01010100 01001100 01000100
00110011 01010110 01110010 01100010 01110111 00110111 01110101 01001010
01000110 01101011 01110001 00110101 01110101 01001010 01001101 00111000
01110010 0____010 01101010 01010000 01010011 01000100 01001010 01100111
01100010 01110011 01011000 01010110 01010010 0____000 01101010 00110100
01100110 00110111 01001011 01011010 01010101 01101001 01010001 01110001
01010011 01000010 01101000 01000110 01100100 0____001 0____001 01100100
0100____ 01101101 01110010 00110000 01110101 01011000 01100110 00111000
01000111 01001011 01001101 01000101 00111000 01110011 01110110 00101011
01110010 01010011 01011001 01110011 01110110 01001010 01101101 0____010
01000110 00110010 0____001 01110010 01011010 0____000 00101011 01101001
01010111 01100111 01010110 01000101 01010100 01101100 01110010 01110101
01011010 01110111 00110011 01110100 00110010 00111001 01001110 01100010
00110011 01001110 01110100 00110101 01000110 01000101 00110100 01010111
00111001 01000100 01000011 0100____ 00110011 0____000 01110101 01000001
01101000 01110010 0100____ 0____001 0____001 0____010 01100011 0110____
00110011 01010110 00110001 01001011 01101101 01101101 01001001 01110100
01010011 00111000 01101011 01100101 01011001 01110101 00101011 01001001
01001010 01010110 01010110 01010000 01010010 00110101 00110011 0____000
01101100 01000010 01100111 01011001 01000011 01011000 00110011 00110110
01010000 01001011 00110111 01100101 00110100 00110100 01101010 00110100
0100____ 00111000 00110001 01010000 00111000 00110111 01101101 01010000
01001000 01101001 01010100 0____001 01000101 01100111 01100100 01001000
00110111 01101000 01010100 01110000 01110110 00110110 0110____ 00110101
01000110 01101001 00101011 01101001 01101010 00110000 01000110 01000101
01101110 01001100 01100100 01100111 01101110 01110010 01101010 00110011
01100011 01110011 01110001 00110000 01110110 00110110 01001011 01110111
01010011 01101011 00110101 01001011 01100101 01010111 01110000 01100110
01000110 01001100 01100100 01110100 01011001 01101101 01000001 01101011
01100001 00110010 00110101 01100001 01010001 01110001 01100101 01000111
01110110 01000011 0100____ 00101011 01010011 01000111 01100011 0____000
01101000 0____000 01110111 0____000 01100100 01101001 01110001 00110010
00110010 01100100 01011010 01101100 01100010 00110111 01101000 01000001
01100011 01001100 00110110 01001101 01101011 01110000 01001110 01010100
01101101 01001001 01011010 01110011 01010011 0110____ 01100110 0100____
01000011 00110101 00110110 01101110 01000011 01000011 01100110 01001110
01101001 01000010 01101001 00111000 01010100 01000101 01010011 01011010
01011010 01001110 01100100 01101001 0____001 01010101 01110111 0____001
01001100 01110001 01100010 01110000 01001011 01100010 01100110 01000010
01110000 01010100 01010011 00110001 01010101 00110000 01000101 00111000
0____001 01000111 01011010 01010011 00111000 00110001 01100010 01100010
00110011 01110110 01101011 01110110 01000110 01110111 00111000 01101101
01110100 00110101 01011010 0____010 01101000 01000010 0____001 01000101
0____000 00110101 01110101 01001110 01001100 01101001 00110001 01110010
0____001 01010001 01110001 0100____ 00111001 01101100 01100001 01101100
01110110 01110101 01001100 01010010 01100011 00110100 00111001 01101010
00110001 00110001 01010010 00101011 01100100 00110001 01010100 01000010
00110110 01110110 01000011 01010010 01000010 00110010 00110101 01011001
01010100 01101110 01100001 01001000 00110101 00111001 01011001 01100101
01101101 01001100 01101001 01000101 00110110 01001110 01001000 01100101
00101011 01001001 01010100 01000010 01010001 01001011 01100110 01101011
00110011 0010____ 01000010 01101000 01001001 01010100 00110110 01101011
0____000 01100011 01001001 01100100 01011000 01000111 00110001 01000011
01001010 01110011 01010100 01110000 01010111 00110010 01100101 01000110
01110100 00111000 01101001 01000110 01001011 01100010 01010100 01101100
01000011 01101001 01101000 01101010 00110011 01011001 01011000 01000100
01011001 0110____ 01110111 00101011 0____001 01100111 01100110 01000100
0110____ 0____001 0____001 01110000 01100110 01001100 01000111 01010001
01101001 01010110 0____010 01101110 01001110 01000100 01010001 01101100
00111001 01100100 01010011 01101000 01000001 00110100 00110110 01000111
01110011 01010000 01101010 01011001 0____010 01010000 01010100 00101011
01011001 01101110 01100010 0100____ 01000001 00110010 00101011 01001001
0110____ 01011001 01000111 01010101 01101001 01110011 01100100 01000011
00111001 01010111 0____000 01110100 01010111 00101011 00111001 01101110
01010010 01010001 01010010 01010110 01001000 01001110 00101011 00110001
01000011 0____010 0____010 01010000 00110111 01110111 01100111 01100011
00110101 01000100 01010010 0100____ 01010111 01100011 0____000 01011000
01000100 00101011 0____001 01101000 01010000 01110110 01101110 00111000
01010001 01110000 01001101 01110111 01001110 00110010 00110001 01100010
01001110 01000011 01101000 0____010 01011001 0010____ 01000101 01101000
01100100 01101100 01110111 01110001 00111001 00111000 01101101 00111001
01000010 01100001 01110001 01001000 00110111 00111000 0____010 01000011
01100100 01110110 01001001 01101100 00110001 0____000 01101000 01100010
0____001 00110010 01100011 00110100 01001000 01010101 01110010 00101011
00110101 01001001 01101110 01000101 01010100 01101001 00111000 01000110
0____010 01100110 01010011 01000011 01000110 01110100 01001000 00110111
01001001 01100001 0____000 01000111 01100111 01110101 01000110 00110101
00110000 01100110 01110111 01001010 01000010 01110101 00101011 0____001
0____000 01101011 0____001 01101110 01011000 01010010 0110____ 01010101
01101100 00111001 01101110 01010110 01010000 01101010 00110110 01110000
01110100 01001011 01101101 01110101 0100____ 01011000 01100111 00101011
01011000 01110011 00101011 00110111 01101011 01000100 01010111 01110001
01001011 01101101 01011010 01001100 00110011 01110001 01000101 01010101
00110010 01010100 0110____ 01000110 01010000 01101010 01110000 01000010
01000011 01100110 01101101 01001101 00110111 01001010 01000111 01101001
01110110 01000101 01100011 01101110 00110101 01110000 01100101 01000100
01100001 00110000 01011001 01001000 00101011 00110110 01001011 01101001
00101011 01010001 0____000 01101001 00110111 01000001 0____010 01110000
0010____ 01010101 01011001 0100____ 00110011 0____001 01010100 01100101
01101010 01100101 01100101 01010100 01101011 01010000 0____000 01001011
01101110 01100001 01100101 01110101 01001100 01000111 01110000 00110001
01010010 01110011 00110000 01101010 01100110 01011001 01110100 01000100
01011001 01110100 01000100 01110101 01101101 01100011 00111000 01100011
01101110 01001010 00110110 01001011 01110100 01100111 01110010 01011010
01010000 00110001 01101101 01001010 01010001 00110100 01110100 01101110
00110001 01100011 01010001 00110000 01001101 01101010 01000101 0____010
01100001 01010001 01000010 01110100 01000010 01011010 00101011 01010000
01100001 00110101 01110010 01101100 01110100 01010011 00110110 01101110
01110000 01100110 01000011 0010____ 01001101 01100011 01100011 01110110
01101001 01010101 01101101 01010101 01000010 01110011 01011000 0100____
01100110 01000110 01010111 00110111 00110011 01110000 01110101 01010100
01110111 00110110 01000010 01011010 0____001 00110111 00110010 01010101
01001110 00110011 01000100 01110010 00110110 01010100 01000100 01011000
00110101 01011000 01101010 01100011 01000110 01010001 01101101 00110110
01101011 00110011 01100011 00110110 01101010 01011000 01011001 01101110
01000110 0____010 01101000 01000111 01011000 01100111 00110001 01010010
01101101 01110010 01101101 0010____ 01011010 01011001 0____001 01100011
01110001 01110001 01101000 01001000 01101010 01101000 01011000 01000010
01010001 01101101 01000111 00110011 00110011 01110110 01101001 00110011
01010001 01011000 0100____ 01010110 01100101 01101110 01110100 01110011
01100011 01110010 01110010 01010100 01100110 01000101 01101100 01100001
01010001 00111001 01100010 01000111 01001010 01000011 01101101 01000100
00110001 01100111 01101000 00110011 01101110 01010111 01110000 0____010
01110101 00110111 01000110 01001100 0____001 01101000 00101011 01010001
01101110 01100101 01100010 01100010 01001010 01110101 0____010 01010101
01001100 00110001 00110101 01001101 01100100 00110101 0100____ 01001101
00111000 00110001 01001011 01101110 01010001 0____010 01010001 00111001
01100100 01011001 01000011 01100111 01100100 00111000 01001100 01110000
01101110 01100100 01001110 00110010 01110000 00110011 00110001 00110000
01110011 01110010 01001000 01110001 01100010 01000111 0110____ 01101110
01101000 01100010 01110000 01100100 00111000 00101011 01001110 00110111
01100110 01101001 01101101 01110101 01001101 01101110 01010110 01110110
01001000 01000011 01011000 01101100 0010____ 01001011 0100____ 01011001
01101000 01101101 01101000 01010111 01110010 01101000 01100010 01101011
01010010 01000111 00111001 00110010 01100001 01100001 00111000 01001101
00101011 01110101 01101100 01010010 0110____ 01010001 0____010 00101011
00110110 00101011 01010111 01001011 00110010 01110011 01101011 00110011
00110000 01001110 01101000 01001010 01110101 00110100 01010001 01110101
01110000 01000110 01001011 0010____ 01101100 01010101 01011000 00110110
0100____ 01010001 01101011 00110101 01010011 01101110 01101110 01001001
01010000 01000100 00110111 0____010 01110100 01001100 01101100 0____001
01010000 01001000 01000010 01100100 00110001 01001001 01011010 01011000
0100____ 01010011 00110001 00110010 01101001 00110001 01100010 00101011
01010001 01110010 00110101 01010101 0010____ 0100____ 01100101 01101110
00110111 01010001 01110011 01000100 0010____ 01000010 01001000 01000111
01110001 00110100 01000010 01101000 01001010 01000110 00110110 00110011
01010010 01110010 01010110 01000110 01010100 01000101 01010000 01101000
01110110 01011010 01001101 01101001 01100001 01101100 0____000 01110111
01011000 00110101 0____000 00110000 01011000 01000110 01010101 01110110
01110110 01001010 0____010 01100100 00110010 01100110 01101110 01101011
00111000 01010101 01100001 00110100 01110111 01100110 01010000 00101011
01100101 01000111 01001101 01000010 01100011 00111000 0010____ 01010011
00110011 01110000 01001100 01011000 01110000 01011010 01010111 01010000
00110100 01101001 01010001 01100110 01110011 0100____ 01010010 01100101
01101101 01100001 0110____ 01110110 01100111 01010111 01011010 01000011
01000001 00110001 01010111 00110111 01000010 01110101 01110001 01011001
0____000 01100011 01100011 0____000 00110111 01010100 01000101 01101000
00110011 01110101 00101011 01110111 01011000 00110110 01010011 01100101
01001010 01000001 01101110 01001110 01110010 0____001 01010001 01100010
00111001 01000010 01010001 01010000 01001110 00110010 01110100 00110011
00110110 01100110 01101001 0010____ 01110100 01100001 01101000 01010101
01110011 01010011 01110001 01110010 01010110 01100100 01101100 01101000
01001001 01010010 01000011 01100101 01011001 01011010 0____001 01001011
01000110 01001100 00110110 01000011 01000111 01001110 01100101 0110____
01100001 01011010 00111000 01001110 01110001 01110111 00111001 00111001
01011001 01110001 01101001 0010____ 00110110 00110110 00110001 0____010
01101010 01110101 01000111 01101001 01001011 01010001 01110101 00110001
0____000 01100001 0010____ 01110001 00110100 01101100 01101000 0____001
01010010 00111001 01001011 00110011 01110100 00111001 01100110 01000011
01000111 01100001 01100110 01100010 01100011 01101110 01010100 0____000
01010011 01101110 01100101 01001100 00110111 00110111 01101100 01000111
01101010 0110____ 01110101 01110010 01001110 00101011 01001101 01100100
0____000 01101000 01101000 01000101 01000111 01100011 01011000 01000111
01101110 01000100 00111000 01010001 01110111 0____001 01010001 00111001
0110____ 00110101 01000100 01001010 0____001 00110001 01100001 01011000
01010000 01011010 01011010 00111000 01000011 01101010 01110011 00110000
01100110 0110____ 01110100 00101011 01110111 00110111 00111001 01101011
01100100 01010101 01110101 0____001 01101011 01110000 00110010 01010101
00110000 01000101 01101011 00110000 01110011 0010____ 01101100 00110100
00110110 01011010 01100001 01011000 01010011 01000001 00110011 01110110
00111000 01000100 01101110 01000011 0____000 01000011 01000101 01000010
01110100 00101011 01000001 01011001 01110111 01100110 00110010 00110110
01100100 01100100 01000011 01000011 01010101 01110111 00111000 00101011
01001011 01000110 01101100 01100101 01110110 01011010 01110101 01000011
0100____ 01000100 0____000 01110100 01110001 01010000 01000110 0____001
01110101 01101100 01100010 00110100 00110111 0100____ 01101100 01100100
0____010 01100010 01101110 01010010 01101001 00111000 01010101 01110000
01110101 01000110 01100010 01010111 01100010 01010100 01110111 01100100
00101011 01000110 01010000 01010011 01110000 01100010 01110100 01110110
01000100 0____010 01010010 01010110 01001110 01000110 01101110 01010011
01101000 01011010 00110110 0110____ 01001011 01000100 01010001 01100011
01110001 01010111 01001110 01000111 00110011 01000001 00110101 01010001
01001100 0100____ 01001101 0____010 01100001 0____001 01101101 01010111
01001110 00110011 01100110 01100010 0____010 00111000 01100010 0110____
00110110 01010111 0110____ 01110001 01100011 01101010 01101101 01101101
01110110 0010____ 01100001 00110001 01110110 0010____ 01010000 00110100
01101011 01101101 0110____ 01011001 01010111 01101110 01101010 01011000
0100____ 01110111 00110001 00101011 01110010 01100110 01000011 01110011
0____001 01110011 0110____ 01110110 01010111 01101110 01000101 01110000
01101000 01110011 01001011 01011000 00110111 00110000 01100110 01001110
00110100 00111001 01110100 01010101 00110000 00110011 01101001 01000101
00111000 01010001 01001010 01101000 00110011 01000110 01100010 0100____
00110111 01100111 00110110 0110____ 01001000 01011000 01001101 01101100
00110100 00110010 01001001 01010101 01110111 01000011 01000010 00110111
01100101 01001110 01011010 01101001 01110100 01110000 01000010 01110011
01011010 01011000 01100001 01000010 01101110 01110100 01110110 01001011
01000011 01001011 01010000 01010000 01100010 01010001 01101110 00110101
01010110 01100010 01001101 01100011 01001101 01010010 01000001 01110100
0____010 00110001 01000100 0110____ 0____001 01100011 01011010 00111000
01110100 01110100 01001010 01101110 00111000 01100100 01100101 01001001
01100011 01010100 01001001 01110101 0010____ 00110110 01001010 01100110
01000111 01101110 01110101 00110011 01101101 01110111 01001000 01011001
01011000 01010110 01001110 01001001 01011010 01100001 01110001 00101011
01011010 01001000 01110110 01110010 01000101 01000001 01001110 0____000
01100110 00110100 00111000 00101011 00110010 01100110 01010010 00101011
01010100 01001110 01001101 00110001 00110100 00110010 00110000 01101101
01001110 01010101 01101000 01101011 01010110 01110100 01010010 0110____
00110000 0110____ 01010100 01101010 01101110 01110010 01110110 01101000
01110101 01000100 01010000 01110110 00110101 01101000 01110101 0____010
0110____ 01101001 01010010 01100101 01010000 01100100 01010111 01110010
01010011 01000110 01101011 01100100 00101011 01101001 01100110 0010____
01100011 01100110 01110000 01001100 0010____ 01110000 01001011 0010____
00110101 01000011 0010____ 00110101 01010011 0010____ 00110101 0010____
0____001 01001000 00111000 01000010 01100010 01011010 00110000 00110100
01001010 01000001 01000001 0110____ 01000001 01000001 01000001 00____01